PDE 2001  1  1 00 00 00.00  34.303000 -119.186800   6.4 4.2 4.2 HOLLYWOOD POLET SEM
event name:     Ambientnoise
time shift:      0.0000
half duration:   0.0000
latorUTM:       34.303000
longorUTM:      -119.186800
depth:           0.0000
Mrr:      -0.100000e+23
Mtt:      -0.100000e+23
Mpp:       0.000000e+23
Mrt:      -0.000000e+23
Mrp:      -0.000000e+23
Mtp:       0.000000e+23
