PDE 2001  1  1 00 00 00.00  36.423000 -115.383500   6.4 4.2 4.2 HOLLYWOOD POLET SEM
event name:     Ambientnoise
time shift:      0.0000
half duration:   0.0000
latorUTM:       36.423000
longorUTM:      -115.383500
depth:           0.0000
Mrr:      -0.100000e+23
Mtt:      -0.100000e+23
Mpp:       0.000000e+23
Mrt:      -0.000000e+23
Mrp:      -0.000000e+23
Mtp:       0.000000e+23
